64
80
67
73
66
71
69
69
67
66
64
65
65
63
61
62
61
61
67
63
67
67
62
67
66
63
67
63
67
67
66
66
68
79
72
65
65
69
65
67
66
65
63
65
60
66
61
62
67
62
66
65
62
67
61
71
67
67
67
64
82
67
75
66
71
66
69
67
65
65
66
64
66
60
62
61
61
63
63
67
65
62
68
62
71
66
62
67
64
84
76
76
66
70
71
69
67
65
65
65
65
63
60
61
61
61
67
63
62
64
61
67
66
69
67
62
79
64
66
66
77
66
70
72
66
66
66
65
65
63
63
66
62
66
61
63
63
61
67
61
67
66
62
66
78
78
67
86
66
67
79
71
73
65
68
65
66
66
65
64
65
60
66
61
62
67
62
66
64
67
66
61
67
61
82
66
64
66
67
73
70
71
66
67
66
66
65
66
63
67
61
62
63
61
63
62
67
65
61
67
62
70
67
81
67
83
67
69
72
72
69
66
67
67
65
64
66
64
66
60
62
61
62
67
63
67
65
62
67
62
71
67
63
67
65
84
69
75
67
73
66
70
67
67
65
66
64
60
60
63
67
62
67
63
62
64
62
66
66
71
67
63
67
66
84
67
76
67
73
73
69
68
66
66
66
64
63
60
63
61
61
67
63
62
66
63
66
66
69
67
63
80
65
84
67
69
66
74
72
66
67
66
66
65
64
63
66
62
67
61
62
63
62
66
63
67
66
63
67
63
67
67
79
66
67
74
71
69
69
65
65
64
64
64
63
66
60
67
61
62
67
64
64
64
67
66
62
70
63
81
67
65
67
69
76
73
72
66
69
66
66
64
66
65
65
60
61
61
62
67
62
67
64
62
67
62
71
67
84
67
64
81
67
73
67
71
66
69
66
66
65
66
64
67
61
62
62
62
63
63
67
65
61
67
61
69
66
79
66
65
68
68
76
66
72
65
69
67
66
65
66
65
66
61
62
67
62
67
63
61
64
62
67
66
69
67
63
67
65
86
67
77
66
70
72
70
66
66
66
65
64
63
60
62
67
61
67
63
61
67
61
67
66
69
66
63
79
64
86
67
67
66
71
73
65
67
66
66
65
64
63
65
66
66
62
62
63
62
65
65
66
66
62
62
62
85
67
79
67
67
74
71
71
66
67
66
65
65
64
63
66
61
66
62
61
66
62
66
65
66
67
62
69
63
67
67
65
67
68
67
71
66
66
69
66
66
65
65
63
65
61
62
62
61
67
61
67
65
62
66
62
70
67
83
67
64
67
67
76
66
72
65
70
68
66
65
65
65
66
60
62
61
61
67
63
66
64
61
67
61
70
67
62
67
64
81
69
77
66
73
70
68
68
66
66
66
64
66
61
62
67
61
67
63
62
64
61
67
66
71
67
63
64
64
67
67
75
67
71
71
69
67
66
66
65
64
60
60
62
66
61
66
62
61
66
61
66
66
69
67
63
80
65
83
67
69
66
71
66
66
66
66
66
64
63
63
65
62
66
61
62
63
61
67
62
67
66
62
66
79
79
67
67
67
67
76
72
72
66
67
65
66
65
65
63
66
61
66
61
62
63
61
66
65
61
61
61
69
78
78
67
65
67
68
78
73
73
67
70
67
66
65
67
64
66
61
62
61
61
67
61
67
65
61
66
61
71
67
83
67
64
67
67
67
67
72
67
69
67
67
66
67
65
66
61
62
61
62
66
63
66
64
62
67
63
69
67
82
67
64
82
67
78
71
71
66
69
66
66
65
66
64
66
61
61
67
61
67
64
61
65
61
67
62
72
67
63
67
65
79
68
74
71
71
70
69
67
67
65
67
65
63
60
62
67
61
67
62
62
67
62
66
66
62
62
62
67
67
67
67
68
66
72
71
69
67
67
65
63
63
63
67
61
67
61
61
63
61
66
61
67
66
62
67
63
83
67
67
67
69
67
73
66
66
67
66
64
65
63
63
66
60
67
61
67
63
61
67
64
67
66
61
71
62
84
67
64
67
69
74
72
71
68
68
66
65
65
66
64
66
60
67
61
63
67
63
67
64
62
66
70
70
67
82
67
65
66
68
76
66
71
66
69
67
66
66
66
66
66
60
66
62
62
66
63
67
64
62
67
62
69
67
67
67
65
67
68
75
66
72
66
71
67
66
64
66
66
61
61
62
61
61
67
63
61
65
62
67
62
69
67
62
67
64
66
66
78
66
70
66
69
67
65
64
65
65
63
60
61
67
62
67
63
61
65
61
66
66
69
66
62
79
63
85
67
67
66
70
73
69
67
66
66
66
64
62
65
61
66
61
61
63
61
67
61
61
61
61
67
81
81
67
66
66
66
66
69
71
66
67
65
65
64
63
63
65
60
66
61
61
63
61
67
64
67
66
61
69
63
80
67
67
67
67
75
68
71
66
68
66
66
65
66
63
66
60
61
61
61
67
61
67
65
62
67
62
69
67
79
67
65
66
77
77
69
72
65
67
67
65
65
66
63
66
61
62
62
61
67
63
67
64
67
67
62
71
67
80
66
64
85
67
77
66
70
66
69
67
65
65
66
63
66
60
62
61
61
67
62
62
64
62
66
62
67
67
63
67
64
86
65
65
65
69
65
68
67
66
65
64
64
63
60
61
67
61
66
63
61
65
61
66
66
69
67
78
78
65
67
67
66
66
70
73
69
67
66
66
66
64
63
66
61
67
61
67
62
61
66
62
67
66
61
66
62
79
67
86
67
67
66
70
70
66
67
66
66
64
64
63
65
61
61
61
61
63
61
64
64
66
66
69
69
63
78
67
67
67
68
77
71
71
67
67
66
65
64
64
63
65
60
66
61
61
66
61
66
64
61
66
63
69
62
67
67
64
67
67
