71
67
81
75
75
73
76
78
77
81
78
83
70
70
73
85
79
63
69
79
79
67
76
78
82
70
73
79
79
71
67
70
81
73
61
73
76
70
70
79
82
86
70
69
83
83
72
63
81
81
73
68
79
81
70
70
78
78
81
70
72
72
72
62
71
79
79
69
76
79
81
71
69
73
85
72
63
70
82
73
69
76
80
87
70
72
78
69
69
69
80
73
73
71
79
69
69
79
81
81
84
70
73
81
79
64
69
79
68
68
75
79
72
72
72
80
71
71
67
75
75
75
62
79
79
69
69
78
81
83
71
74
86
78
73
69
77
78
68
76
76
79
71
73
78
77
72
67
71
78
76
62
73
76
78
71
79
79
71
71
70
77
77
73
64
77
77
74
77
80
79
70
82
82
81
70
67
69
81
81
63
72
78
76
69
79
79
70
70
72
83
72
72
65
69
78
73
68
83
79
69
69
79
79
79
69
69
80
80
72
71
81
77
76
80
81
81
71
71
73
81
81
64
69
85
79
68
75
81
71
71
73
81
79
71
67
69
79
73
63
72
78
69
69
84
82
87
70
75
81
81
73
83
77
77
74
76
71
71
71
73
78
80
80
67
79
79
79
63
70
78
79
70
81
81
71
71
72
74
73
73
65
85
76
75
69
80
78
71
71
82
78
78
72
70
79
75
75
72
82
77
79
77
81
81
71
69
73
73
73
64
70
77
74
67
79
79
70
70
72
83
77
71
67
86
79
73
62
73
79
70
70
79
81
71
71
75
79
79
73
71
67
67
67
80
82
78
86
72
83
78
71
67
71
78
73
63
73
82
69
69
77
81
81
71
69
73
73
73
64
70
76
75
68
76
76
71
71
82
77
79
71
78
78
78
73
73
81
75
78
77
80
78
82
69
75
79
73
63
72
85
75
69
77
82
76
71
72
81
77
67
67
70
79
75
63
72
79
79
69
77
79
71
71
70
78
78
73
64
79
78
73
68
77
79
71
71
81
79
80
66
69
75
75
62
70
76
77
70
77
80
85
71
69
73
78
73
64
83
77
73
69
77
77
71
71
84
77
71
71
69
85
78
73
71
79
78
79
79
80
78
72
69
74
78
74
64
83
77
75
69
76
79
72
72
73
76
77
72
67
77
74
74
62
79
76
79
70
79
79
82
72
75
80
79
73
86
86
76
69
81
81
79
72
72
82
79
72
70
70
77
75
61
72
80
70
70
78
80
81
71
69
79
77
69
69
85
78
73
69
72
72
72
72
86
77
79
66
70
78
78
62
72
81
77
71
75
83
81
71
69
73
76
73
63
76
76
73
68
84
78
71
71
78
78
77
71
69
86
77
75
72
82
76
71
82
82
79
72
69
72
79
73
63
69
78
73
69
75
78
71
71
72
78
77
71
66
85
78
73
71
77
77
78
75
86
81
72
68
73
79
79
63
69
78
74
69
75
79
72
72
71
77
72
72
66
78
78
74
61
77
77
70
70
80
79
72
72
73
79
78
63
70
77
77
69
78
82
77
73
73
84
78
73
66
70
75
75
72
72
76
71
71
77
81
81
72
73
82
79
73
69
81
77
73
76
72
72
72
73
79
72
72
67
69
79
74
62
71
77
78
70
78
71
71
71
70
82
78
73
64
81
77
73
69
79
79
72
81
81
79
79
67
69
86
73
62
78
78
78
70
79
79
71
71
70
78
78
73
63
69
76
74
68
77
77
71
71
83
78
78
71
69
74
74
74
71
79
75
69
79
79
79
71
69
74
79
73
63
75
75
68
68
79
76
70
70
73
79
78
71
69
87
78
73
72
78
75
79
80
79
79
81
70
74
81
73
63
69
82
73
68
77
79
71
71
73
79
79
71
67
79
79
73
63
79
77
77
69
80
80
71
70
72
80
78
64
77
77
77
68
75
83
78
72
72
79
79
71
67
69
78
74
63
70
77
78
69
81
79
82
71
73
81
73
64
69
83
76
73
75
81
71
71
73
83
79
71
67
69
78
63
63
71
76
78
70
78
70
70
70
70
81
78
73
64
74
74
74
68
79
78
71
73
79
79
78
69
69
74
74
62
75
75
79
70
78
80
71
71
70
73
77
73
63
75
75
75
68
77
77
70
70
84
78
78
71
69
77
77
75
71
81
79
69
77
82
71
71
70
72
81
73
63
69
78
69
69
74
78
71
71
85
78
78
71
69
78
78
74
71
76
76
79
78
79
80
71
70
73
79
79
64
69
86
74
69
75
78
72
72
72
82
79
72
67
69
71
71
71
71
77
80
70
76
80
80
72
72
81
77
73
69
83
77
73
74
80
79
71
72
81
78
78
67
69
78
78
62
79
79
79
71
75
80
81
72
69
80
77
74
63
69
77
75
69
82
79
71
71
83
78
76
71
69
85
73
73
71
77
77
70
75
80
80
72
69
73
79
73
63
69
77
74
69
74
79
71
71
72
72
72
72
67
77
77
74
72
76
76
70
81
81
79
70
69
74
81
79
63
82
82
73
68
81
81
71
71
72
84
71
71
66
78
78
62
62
81
79
79
70
83
80
80
71
73
80
77
63
69
69
69
69
76
78
78
72
72
84
78
72
66
69
76
76
62
73
75
79
71
76
79
72
72
69
80
78
75
69
75
75
75
76
71
71
71
72
78
78
78
67
69
86
74
62
72
81
79
70
76
83
72
72
73
80
74
74
70
86
76
75
69
82
71
71
71
87
78
78
67
69
77
77
62
71
82
79
69
76
80
82
71
69
72
77
73
63
69
74
74
68
74
78
71
71
72
79
78
71
69
77
77
74
79
79
76
78
75
82
80
71
70
73
81
73
64
69
75
74
69
75
81
71
71
73
77
78
72
67
77
77
75
62
79
75
70
77
80
79
72
69
73
79
76
63
69
75
75
69
73
80
72
72
73
77
77
72
67
69
76
75
62
71
75
78
69
81
80
71
71
73
78
78
73
69
83
68
68
75
82
79
71
73
85
78
72
67
69
76
62
62
72
