61
63
55
61
63
59
59
58
64
63
67
57
57
61
55
57
60
61
57
56
61
60
66
61
61
61
55
55
57
58
64
55
55
62
71
57
57
64
65
63
55
58
63
61
54
58
61
67
57
59
65
71
61
58
61
67
55
57
58
61
58
57
60
63
61
57
59
63
65
56
58
59
65
57
57
69
69
58
56
67
73
61
57
60
61
57
57
59
61
65
58
64
63
60
60
61
63
63
58
59
58
62
57
58
60
63
57
57
61
64
65
59
57
60
69
56
58
63
55
55
57
63
72
62
58
69
63
64
56
59
65
63
55
61
67
64
55
60
61
66
57
58
61
63
56
58
60
61
59
57
61
71
61
57
61
60
65
56
57
61
65
56
56
63
67
59
57
65
69
57
57
61
61
70
57
58
59
63
55
61
61
71
57
59
63
66
57
57
58
63
55
55
59
63
55
54
58
73
61
56
57
68
63
56
58
63
63
56
57
63
72
61
57
62
73
67
57
59
69
55
56
60
65
67
55
61
66
74
57
58
60
64
55
56
58
66
56
56
61
72
57
57
58
67
56
56
57
62
63
55
55
61
69
57
55
67
60
55
57
61
63
67
55
58
63
64
55
61
63
71
56
59
66
64
56
57
57
62
55
55
59
67
57
56
61
68
63
57
57
61
67
57
57
63
63
55
55
63
69
60
59
66
64
64
57
58
62
63
56
60
66
67
55
61
71
72
56
57
60
63
55
56
58
63
55
55
61
75
60
57
60
67
64
55
57
62
65
55
56
70
70
58
56
67
70
62
60
60
64
55
55
58
64
63
56
61
62
67
56
59
67
69
55
57
58
63
55
55
59
63
57
56
61
66
62
56
57
60
66
56
57
58
63
55
55
60
73
58
56
59
65
63
55
57
62
63
55
60
64
69
57
61
64
70
61
57
60
61
64
57
58
61
63
55
61
64
59
57
60
65
55
55
57
59
65
55
55
60
60
60
60
60
75
62
56
59
62
63
55
60
60
55
55
61
60
66
61
60
68
66
56
58
60
61
55
55
59
61
57
56
61
63
65
57
57
61
67
55
57
63
63
56
56
61
73
60
61
61
61
67
59
59
59
56
57
60
61
58
56
61
63
57
57
58
60
73
56
57
60
67
56
56
59
69
61
57
61
61
73
57
60
61
57
57
60
62
58
57
60
64
70
57
57
61
67
56
57
59
65
57
56
72
72
60
57
63
64
66
57
59
62
56
56
58
61
58
57
61
62
67
58
59
61
61
57
58
58
66
58
58
63
67
58
58
61
62
73
58
58
61
64
56
60
62
56
56
61
63
71
57
59
61
69
55
58
58
61
56
56
61
60
60
57
59
63
67
56
57
61
69
56
57
62
79
58
61
62
68
57
58
61
62
71
59
59
62
57
57
61
61
61
58
60
62
56
56
58
59
67
56
57
61
76
58
57
62
70
64
59
61
61
71
58
59
61
57
57
61
61
73
57
60
62
66
55
58
58
66
55
57
60
72
57
57
64
77
63
57
60
64
67
55
59
62
57
57
61
62
81
57
60
62
67
56
58
59
66
55
57
61
73
57
57
61
73
57
57
59
64
56
56
58
62
64
57
61
62
78
61
61
62
66
66
59
59
63
66
57
60
62
72
57
61
64
75
57
58
59
69
55
58
58
66
57
57
61
74
61
58
61
63
68
57
59
61
67
57
60
61
72
57
61
63
69
66
59
60
61
70
58
59
61
65
57
61
63
76
57
60
63
70
57
58
58
69
57
58
60
73
60
58
62
67
67
58
59
61
74
56
58
62
67
57
61
61
61
61
61
61
63
69
59
58
61
55
57
60
61
72
57
61
64
64
57
59
61
68
55
58
58
65
57
57
61
75
61
57
60
65
56
56
59
61
67
56
60
61
79
58
61
63
70
63
58
60
70
70
59
58
60
67
57
62
60
61
57
59
63
67
56
58
58
72
56
57
60
58
58
57
61
68
62
57
59
61
74
56
59
60
68
57
61
60
75
57
60
61
65
56
57
58
61
55
56
60
60
57
56
61
62
63
57
58
60
72
55
57
58
67
57
57
61
80
60
57
63
65
67
55
58
61
67
55
59
61
76
57
61
71
71
63
58
60
64
58
58
58
61
57
57
61
60
61
57
61
61
56
56
57
58
69
56
57
59
78
59
57
59
65
66
57
61
61
71
56
59
61
67
58
61
61
75
58
61
61
63
57
59
59
67
55
57
60
61
59
57
62
64
58
58
58
60
72
56
57
61
58
58
57
61
78
61
58
63
64
70
57
59
61
69
56
59
61
78
59
61
62
69
58
59
60
63
56
57
59
61
57
57
61
61
61
57
60
63
67
57
58
62
68
56
57
61
78
58
57
64
69
65
57
60
63
73
57
58
61
67
57
61
61
78
57
60
63
64
57
59
58
61
56
60
60
61
59
57
61
63
57
57
59
62
57
57
58
61
67
57
57
62
77
61
58
63
64
70
58
58
67
67
57
60
61
60
58
62
61
68
58
59
61
73
56
58
59
67
57
57
61
76
61
58
62
63
70
57
59
61
69
57
60
60
60
60
62
62
67
58
59
60
61
57
58
58
60
57
57
61
75
61
57
61
65
57
57
59
61
66
58
60
61
72
59
61
63
70
65
59
59
62
69
58
59
61
57
57
61
61
61
58
60
64
68
57
58
59
67
56
57
61
58
58
57
63
70
65
58
60
62
72
56
59
60
67
61
61
60
72
57
60
63
64
59
59
59
61
56
57
60
75
59
57
61
67
66
58
59
61
74
56
58
59
67
57
61
60
61
61
60
61
63
72
58
58
61
57
57
60
61
59
57
61
62
66
58
60
60
72
52
