61
67
67
67
69
68
63
63
62
67
64
68
69
69
64
63
61
68
61
70
73
73
61
75
63
69
73
70
66
72
61
63
63
69
67
69
63
70
62
69
67
66
66
67
61
67
63
65
65
65
67
62
63
68
63
68
60
63
67
60
66
69
71
73
67
65
72
60
66
69
68
69
72
64
79
59
73
60
70
70
70
69
60
60
69
57
73
66
72
60
60
60
73
67
70
66
73
76
82
60
68
68
63
68
61
78
61
70
70
69
70
70
61
72
79
58
67
71
59
73
62
73
77
69
67
73
60
84
61
71
75
64
67
59
59
80
59
71
69
59
71
79
75
75
57
73
71
58
74
78
69
69
69
68
72
59
74
77
72
72
70
63
78
60
73
60
72
69
69
75
75
61
76
59
73
69
69
73
78
65
71
67
71
67
61
73
87
63
73
69
66
77
61
63
69
69
69
69
61
69
62
71
60
60
67
69
60
80
63
71
79
70
67
71
60
83
63
71
79
65
69
76
61
88
64
70
68
61
69
74
73
81
61
69
68
61
70
73
71
78
67
68
71
61
77
77
69
77
68
67
74
63
66
69
69
72
68
69
73
80
80
61
68
68
69
70
73
67
79
68
66
71
62
72
74
69
67
67
65
67
63
74
77
66
72
68
67
67
65
79
79
70
68
69
61
73
66
73
73
67
65
73
60
63
63
70
71
64
66
77
61
76
61
70
71
61
67
73
69
72
58
71
71
60
68
72
71
71
69
69
73
59
68
63
67
70
69
64
73
59
70
61
68
67
68
72
72
61
69
59
71
65
71
69
61
69
72
69
70
64
58
75
75
61
70
70
64
64
59
70
73
60
70
70
60
72
59
67
71
69
64
71
59
71
62
68
71
70
64
74
59
76
62
69
72
64
65
75
71
61
69
69
69
61
68
61
69
58
58
72
73
58
61
61
71
71
69
65
75
58
71
63
67
68
68
64
71
59
69
61
67
67
68
65
69
59
67
58
69
65
58
67
73
69
69
69
71
73
58
69
73
61
69
69
65
64
60
70
61
71
67
70
60
75
61
70
76
73
66
72
58
69
69
69
69
67
74
59
74
63
68
68
65
64
73
71
73
69
69
69
61
67
72
72
58
58
73
72
60
67
61
73
69
69
58
58
58
78
62
69
69
73
65
86
60
67
61
67
66
75
69
62
60
60
60
69
67
61
69
73
68
79
66
65
67
63
71
74
67
67
67
63
73
64
75
63
69
69
69
64
78
64
66
77
66
66
70
61
72
67
67
73
67
66
70
71
71
69
71
67
62
67
71
60
74
74
74
74
60
67
73
67
70
59
64
70
60
67
63
65
68
67
63
71
60
67
63
65
67
69
63
71
60
67
63
65
65
61
66
73
61
71
58
72
76
60
73
76
65
69
69
67
67
61
63
71
71
75
75
64
79
61
75
61
71
73
73
59
76
62
59
74
74
70
69
59
78
64
77
69
67
67
72
76
65
76
76
69
63
68
74
79
63
75
75
69
61
70
75
76
60
60
69
70
60
66
66
76
83
69
67
73
61
75
65
76
69
69
68
75
63
63
75
75
69
61
70
75
64
60
60
73
69
60
73
66
76
68
68
66
68
61
75
65
75
69
69
63
73
63
79
63
73
69
69
61
65
65
76
61
73
69
70
73
78
66
75
69
67
67
72
75
81
65
79
69
63
67
74
77
63
63
73
69
61
70
65
75
60
75
69
71
59
75
64
85
86
69
69
72
61
73
65
82
82
69
63
63
63
79
79
79
75
69
71
76
64
59
59
73
71
59
76
79
63
78
70
65
68
60
83
81
61
73
72
69
69
61
88
79
61
71
72
59
73
62
83
80
58
69
72
58
79
63
79
79
64
59
59
59
80
75
75
75
61
69
77
61
81
61
71
71
59
73
79
62
79
59
69
73
58
77
80
79
75
71
65
75
59
83
79
79
73
72
61
78
61
85
61
70
70
72
72
78
62
73
59
76
58
58
78
80
81
81
71
64
69
75
79
79
80
74
72
61
70
61
81
81
61
73
69
60
67
64
74
81
61
69
67
61
71
67
75
86
66
69
74
60
83
62
71
79
63
67
75
63
74
62
67
70
63
65
73
67
72
61
67
75
60
69
77
69
69
71
71
76
60
84
84
69
71
72
67
77
61
70
61
67
67
72
69
77
63
69
59
67
67
74
72
80
66
73
72
72
67
61
72
64
69
72
72
66
67
70
70
77
63
68
71
62
74
67
72
72
68
66
72
60
74
63
67
71
74
66
74
60
77
63
67
70
67
66
74
69
74
61
67
72
68
68
75
67
72
59
69
73
60
69
75
67
70
71
65
76
69
69
63
67
69
72
65
76
61
68
61
67
66
72
75
75
62
70
59
69
65
60
69
74
63
69
72
75
64
60
69
63
67
69
73
65
75
61
68
71
67
66
73
61
73
61
67
60
69
65
73
69
73
63
68
69
75
65
76
69
74
63
67
72
67
75
75
69
72
67
67
71
62
67
73
67
70
59
65
73
60
69
67
67
69
70
65
75
61
69
63
67
69
71
65
74
69
69
62
67
67
67
67
73
63
70
60
68
65
61
69
73
64
71
70
72
75
60
72
79
69
71
71
66
75
61
69
75
67
67
72
61
74
62
72
72
66
66
73
60
75
64
67
70
73
65
75
70
63
67
67
71
66
66
75
69
74
62
67
71
62
67
63
67
72
59
73
73
60
69
67
67
70
70
64
76
60
69
63
67
72
72
65
77
61
74
63
67
67
63
67
75
62
73
60
67
65
60
69
76
65
72
68
65
73
61
69
79
67
70
69
67
75
62
70
78
67
70
70
62
75
63
68
59
69
66
72
69
77
64
67
71
65
65
75
69
77
63
70
71
67
65
74
68
73
61
66
73
61
68
61
67
71
58
