64
67
59
59
66
69
63
60
75
66
61
64
74
64
60
60
70
64
70
73
73
67
66
63
64
74
63
67
62
71
63
59
59
78
64
64
60
65
73
64
65
61
73
66
65
59
71
69
71
59
69
65
62
65
77
63
64
65
73
63
69
72
75
70
70
65
67
72
66
65
74
65
65
59
59
70
65
72
59
69
69
64
63
63
64
66
66
61
64
70
72
59
65
70
67
66
72
65
63
62
78
63
66
61
73
64
69
59
71
68
62
62
61
80
63
65
61
73
67
71
60
66
69
65
61
72
65
61
66
74
65
66
66
72
65
73
59
71
69
66
63
63
79
65
64
61
71
65
71
59
67
70
65
73
73
66
63
65
61
66
65
67
72
65
70
71
72
69
65
61
63
81
65
62
60
70
65
73
58
72
67
63
60
66
76
61
65
61
73
66
67
60
65
71
70
60
69
62
62
62
82
66
62
66
66
66
67
58
73
66
73
60
66
77
67
65
61
77
65
66
59
74
71
69
73
73
65
61
63
63
64
63
67
72
64
67
60
73
67
72
63
65
76
66
65
61
75
64
66
59
76
70
70
59
66
66
63
62
64
63
63
65
61
64
67
73
59
66
70
64
67
72
65
62
62
73
64
64
59
72
65
69
59
75
67
63
63
63
77
65
61
61
73
68
72
58
66
70
65
60
73
65
62
65
64
64
65
66
65
65
69
58
71
69
67
63
63
75
64
67
61
72
65
71
59
70
65
65
60
67
65
62
62
62
64
65
66
66
66
69
71
72
69
66
63
62
79
65
66
61
73
65
70
59
80
67
65
61
66
66
61
65
62
74
66
67
60
65
68
70
59
67
65
61
63
78
64
62
60
74
65
65
59
77
67
63
60
66
66
66
65
61
75
65
67
60
73
69
70
59
68
65
61
63
78
65
63
65
72
65
66
72
74
67
71
65
67
72
65
65
62
74
64
61
61
66
66
70
60
75
68
63
62
63
64
65
65
60
65
67
73
59
67
70
66
60
73
66
63
63
72
65
67
59
71
66
60
60
75
67
64
63
63
75
64
67
61
71
67
73
73
73
68
64
67
67
66
62
67
72
65
64
67
71
66
69
60
73
69
66
62
64
74
64
66
72
72
65
70
67
67
67
63
61
68
73
61
67
63
65
63
67
60
66
66
69
60
69
65
61
65
65
65
62
69
69
65
66
60
72
67
69
61
73
73
61
63
63
70
62
67
61
69
67
67
61
79
66
61
65
73
64
61
67
69
65
65
61
73
67
69
61
68
72
66
67
63
69
65
67
61
69
67
67
60
69
67
61
64
64
65
63
67
61
65
68
71
59
66
68
61
66
74
66
63
61
72
64
66
60
71
66
59
59
73
68
63
63
63
75
64
66
61
65
69
73
59
66
67
61
67
73
65
62
67
72
65
67
60
73
65
69
59
72
68
67
63
63
78
63
67
61
70
66
69
60
73
69
63
61
68
66
61
67
63
63
63
67
69
65
69
59
76
67
69
62
64
72
64
61
61
70
64
69
59
78
66
64
60
68
65
62
66
63
64
64
67
61
65
68
68
61
67
68
61
66
70
64
61
61
65
65
64
60
76
67
64
60
65
65
62
62
62
73
64
67
60
71
70
69
76
67
67
62
63
74
64
63
67
71
64
70
58
73
70
65
60
67
73
64
65
63
72
66
66
59
75
69
71
60
75
66
63
63
63
64
63
65
71
64
68
72
76
65
78
65
67
71
65
64
61
73
64
67
59
74
64
71
59
74
67
63
62
62
64
63
65
71
65
67
73
67
67
73
64
67
72
64
62
63
72
64
64
60
72
65
72
59
72
68
61
63
63
75
62
67
61
70
65
73
60
76
70
63
61
69
65
62
63
69
65
63
67
71
66
68
59
72
71
67
62
64
64
64
67
61
69
65
73
59
74
72
63
60
67
65
61
67
63
64
64
67
69
66
68
69
75
69
67
62
64
70
64
63
61
69
65
60
60
73
69
63
61
68
73
61
66
61
65
68
68
60
67
67
67
59
69
67
61
63
72
65
62
60
69
66
66
59
72
66
71
60
67
70
61
67
62
71
65
67
60
73
69
68
68
68
66
63
63
64
64
62
67
73
65
66
73
76
67
70
60
67
64
64
66
62
64
64
60
60
73
65
70
59
74
67
61
63
63
64
62
67
61
64
68
72
59
67
75
63
69
69
65
61
65
65
65
64
69
69
66
70
60
76
68
61
63
64
72
63
61
61
69
67
73
59
67
70
63
60
71
66
61
66
71
66
64
68
70
66
66
59
71
69
66
61
63
73
64
66
61
70
66
73
59
73
68
63
60
72
65
62
66
63
65
63
67
68
66
67
70
72
69
65
62
63
65
65
67
61
70
66
75
59
73
67
63
60
67
72
61
63
63
64
64
68
60
66
69
69
59
69
65
64
64
72
65
63
61
71
66
65
59
76
67
67
61
67
72
66
66
63
70
65
67
60
72
69
70
59
75
67
62
64
64
64
63
67
70
65
73
73
75
67
69
60
67
73
65
66
62
73
64
60
60
72
65
71
59
74
65
63
63
63
63
63
66
61
65
67
72
77
67
71
63
67
70
65
66
63
71
64
65
60
73
65
69
58
64
64
62
63
63
71
61
67
61
64
65
74
59
66
73
67
71
71
66
63
69
67
63
64
61
67
63
68
61
85
67
64
67
64
72
63
67
63
69
69
79
61
70
71
66
61
73
64
61
66
69
63
63
67
67
65
65
71
78
66
66
63
65
76
66
66
61
69
63
73
59
70
66
65
60
69
65
61
65
62
64
64
67
59
65
69
69
69
69
64
63
63
72
64
63
61
71
63
64
59
78
68
64
65
65
65
61
67
