72
64
67
77
77
77
63
73
76
73
70
69
75
70
69
69
75
72
73
73
73
75
63
69
71
71
69
69
69
76
65
67
67
76
76
66
69
78
77
64
68
68
72
67
67
69
74
73
66
75
73
77
64
73
73
73
65
68
77
73
67
69
77
75
75
68
75
78
73
70
70
79
69
67
67
75
73
65
69
75
79
64
67
69
69
65
67
69
70
67
67
68
69
76
63
67
73
73
63
68
69
69
65
69
71
71
71
69
70
70
72
67
73
75
63
67
74
75
65
66
79
69
75
64
69
73
73
63
67
74
69
65
67
73
72
72
64
72
72
72
61
74
69
69
64
73
79
71
63
69
79
74
74
68
75
63
63
69
73
68
63
67
72
72
72
70
70
79
73
62
69
71
71
67
67
73
70
64
66
74
71
76
63
75
78
74
61
69
69
69
64
70
79
72
72
74
74
77
63
68
72
83
64
67
74
77
65
66
70
76
75
63
69
78
73
62
69
78
69
65
67
76
73
72
63
77
75
74
62
72
84
71
63
73
75
72
65
69
75
75
69
69
72
85
63
68
73
73
66
67
71
74
73
66
72
73
75
63
69
79
71
64
69
74
70
64
65
79
72
73
62
81
76
72
61
73
83
69
63
70
73
73
63
69
80
73
61
69
73
81
63
67
77
69
64
64
70
83
75
63
71
79
73
63
69
81
69
65
67
78
73
73
63
77
73
76
63
73
77
69
63
74
79
70
65
81
71
71
63
75
75
76
62
69
72
77
64
66
72
76
73
64
71
72
75
62
70
79
70
63
67
76
69
64
65
81
71
75
63
80
74
73
69
73
78
68
67
70
81
73
65
75
75
75
63
69
70
70
63
67
77
77
64
65
70
71
75
63
69
73
72
61
68
76
69
65
67
78
70
73
64
81
72
75
69
73
70
70
67
74
78
69
65
69
82
70
69
69
79
73
62
67
73
68
66
66
72
70
72
63
71
72
74
62
69
70
70
63
67
78
69
64
65
79
75
75
69
81
72
72
68
72
79
69
66
71
80
71
63
72
72
72
62
73
73
70
63
67
73
70
64
64
69
71
75
68
68
74
72
68
68
67
67
65
67
79
69
72
70
82
69
73
69
72
79
69
67
71
79
69
65
69
80
70
63
73
73
73
62
69
69
69
65
67
77
72
73
64
72
73
75
62
70
83
70
63
72
78
71
64
71
75
72
75
70
74
75
73
68
70
81
69
66
71
79
72
64
70
78
73
61
69
70
69
63
68
73
77
64
65
69
75
75
63
69
78
73
62
69
81
69
65
66
78
72
72
64
75
74
74
62
70
83
71
63
71
78
70
65
69
76
72
63
69
73
78
61
69
70
69
64
67
72
76
72
64
74
73
73
62
70
64
68
68
68
70
70
64
65
76
75
75
63
74
76
72
69
69
65
66
66
72
77
72
63
72
75
73
61
70
70
80
63
67
70
70
64
65
72
73
74
71
74
78
73
62
71
78
65
72
76
73
73
73
63
76
75
75
70
71
71
71
67
73
71
71
64
76
76
75
63
71
73
73
62
69
71
70
66
66
71
74
73
64
75
75
75
62
71
79
71
63
73
75
72
65
70
77
73
62
74
74
78
62
68
71
79
65
65
71
77
73
63
71
75
74
62
68
83
63
63
66
78
65
65
65
77
75
75
69
73
78
73
69
70
66
66
66
71
77
73
64
71
75
75
62
70
71
71
64
67
77
71
64
65
76
73
75
63
78
78
72
62
70
79
69
65
72
78
72
63
72
78
73
62
70
70
85
63
67
73
78
64
64
72
72
74
63
71
77
73
62
68
77
69
65
66
77
73
72
72
75
75
72
69
71
70
70
67
73
71
71
65
69
76
73
63
73
73
72
63
69
69
70
65
66
79
74
72
63
71
73
73
68
69
88
71
63
72
78
71
64
71
77
73
74
70
75
77
61
67
70
80
64
65
70
80
71
63
73
74
73
63
68
71
71
63
66
79
70
64
64
78
74
74
69
78
78
73
69
70
75
69
68
72
76
73
65
73
76
73
63
71
70
71
64
68
72
72
63
66
73
73
75
63
80
80
73
62
70
76
70
65
72
75
73
64
72
75
75
62
69
69
82
67
67
73
72
64
65
71
73
73
63
70
80
73
62
68
79
70
63
73
76
73
72
72
75
75
75
70
70
85
72
67
72
72
63
64
76
76
74
63
71
73
73
62
68
79
70
64
73
77
72
72
73
75
74
74
62
70
85
72
63
73
76
71
63
73
77
73
73
71
74
79
61
68
71
79
63
66
73
73
71
63
73
74
74
71
71
85
72
63
67
73
72
63
65
75
73
73
63
74
79
73
61
71
69
69
64
73
76
73
72
73
77
75
73
71
71
85
71
67
73
78
65
65
71
77
73
63
71
73
73
69
69
71
64
67
67
73
72
70
64
78
73
73
62
70
71
71
63
78
78
71
63
71
76
73
74
70
75
78
73
68
70
78
70
66
72
72
72
64
73
77
73
61
71
72
70
63
67
75
72
63
71
71
73
75
63
71
75
75
62
68
76
63
67
73
75
73
72
73
76
74
75
70
71
81
71
67
74
75
71
65
71
72
72
63
71
75
75
61
67
70
71
63
66
73
73
72
63
73
74
75
61
71
83
72
63
73
75
72
63
71
75
74
75
70
75
78
61
68
70
78
64
66
69
77
73
64
70
73
74
63
71
81
70
64
69
64
64
64
66
75
73
74
70
72
84
75
68
70
79
71
66
73
73
73
64
73
75
75
62
70
71
72
63
67
73
71
63
66
76
73
73
63
74
78
73
62
70
78
69
64
71
76
73
72
72
75
74
62
69
70
81
63
67
72
75
63
65
70
75
73
63
70
79
73
62
69
78
69
64
67
78
73
72
64
75
75
75
70
70
82
71
67
73
