57
60
65
67
59
60
62
66
61
63
65
65
55
59
63
61
60
61
65
59
60
63
57
57
63
72
59
58
64
70
56
61
69
61
57
61
67
57
59
64
69
56
61
67
59
58
65
76
56
61
69
65
60
60
67
61
61
67
64
61
63
65
60
60
60
66
60
60
64
64
57
60
68
61
60
62
63
57
59
63
63
62
62
72
66
60
62
66
57
64
64
71
62
61
66
67
59
61
69
60
61
65
67
59
63
67
71
60
69
65
68
61
67
67
63
63
67
81
70
70
69
63
61
66
60
60
63
66
72
60
67
67
61
61
64
79
59
64
63
67
60
63
64
61
61
62
77
59
66
66
63
61
63
69
60
62
63
72
60
67
66
64
61
63
80
58
67
64
64
61
65
66
62
61
65
73
59
61
67
63
61
65
71
61
61
67
69
61
60
67
63
63
62
60
60
61
66
63
61
61
65
61
61
63
77
60
61
65
65
62
61
74
61
63
63
76
61
61
67
64
63
63
76
60
61
67
67
62
61
65
61
61
65
65
59
61
66
64
61
62
64
61
61
66
64
60
61
67
64
62
64
65
62
62
68
64
62
62
66
65
62
66
64
61
61
69
66
63
63
65
67
61
67
64
61
61
67
65
63
65
64
71
62
65
65
71
62
66
64
62
66
64
61
62
70
66
67
63
64
61
61
67
64
61
61
68
66
64
65
65
73
61
69
65
70
62
67
65
63
66
65
61
61
72
66
67
63
66
67
61
67
65
61
61
69
66
64
63
65
73
61
69
65
70
63
66
65
63
61
65
81
60
61
66
66
62
65
67
61
61
64
60
60
61
65
64
65
65
73
60
62
65
71
62
62
65
63
61
66
60
60
61
66
66
63
63
67
61
61
68
78
61
62
69
63
63
65
73
60
62
69
70
62
62
66
63
61
66
60
60
62
71
67
63
63
65
61
67
67
65
61
68
68
64
65
65
65
61
61
69
65
62
62
65
65
67
67
65
60
66
66
66
62
63
65
67
67
67
65
61
61
66
66
65
65
73
73
62
70
65
69
62
67
65
62
67
65
85
61
71
66
66
63
65
68
61
67
64
78
69
69
66
63
65
66
74
60
69
65
69
62
66
65
62
66
65
61
61
71
67
66
62
65
68
61
65
65
78
61
69
66
63
62
65
75
61
69
65
69
62
67
65
62
61
65
60
60
61
67
65
62
65
68
61
61
64
78
61
61
66
63
65
65
75
61
61
65
72
61
61
64
65
61
65
69
64
64
73
61
61
63
71
61
62
64
73
61
71
69
63
64
64
76
59
63
69
65
63
63
73
60
61
66
73
59
63
73
63
63
63
71
60
61
66
70
62
62
69
63
62
64
73
60
64
71
70
65
66
73
70
67
67
68
60
64
72
72
61
63
70
67
63
66
66
61
63
73
73
64
66
68
76
65
66
65
64
61
66
63
61
67
66
69
62
72
66
61
64
67
60
60
67
71
71
61
72
65
63
63
65
60
60
69
65
66
61
67
65
61
65
65
60
60
73
66
64
61
66
73
61
66
64
70
60
72
65
63
63
65
60
60
61
64
67
64
64
64
62
65
65
76
60
61
65
63
61
66
76
61
61
64
70
60
72
65
63
61
63
60
60
67
64
66
61
68
64
62
61
65
75
59
65
65
64
61
63
75
61
66
66
70
60
72
65
63
61
64
60
60
61
68
67
64
64
64
61
65
65
65
59
61
72
64
61
63
66
61
61
64
64
60
61
71
63
63
63
66
60
61
68
64
61
61
68
65
61
64
65
60
61
72
65
61
62
66
75
61
66
64
60
61
65
65
61
63
66
60
61
68
64
66
61
64
64
61
64
65
61
72
72
65
64
62
66
76
61
66
64
69
61
72
65
63
63
65
60
60
67
64
67
61
67
64
62
65
65
60
60
72
66
65
61
67
76
60
66
64
65
61
69
64
61
61
66
73
60
61
64
64
61
64
64
61
61
64
70
59
61
66
63
61
67
73
60
65
64
67
60
61
66
61
61
63
76
59
61
65
65
61
61
64
61
61
62
61
61
61
67
66
61
61
76
61
61
63
72
59
60
67
63
61
61
60
60
64
64
67
61
60
66
61
61
62
64
59
60
66
66
61
60
64
61
60
62
63
59
60
67
64
61
61
64
61
61
63
63
61
60
66
63
61
61
64
60
61
65
65
61
61
65
74
61
63
63
73
60
68
64
61
61
65
60
64
64
64
68
60
67
63
62
62
64
79
60
65
65
66
61
65
76
61
63
73
73
60
67
64
63
61
64
85
60
64
63
67
61
63
63
62
62
79
60
60
65
65
66
61
65
74
61
60
73
73
60
68
65
64
61
79
79
60
64
64
68
61
67
63
62
61
65
76
60
61
65
65
61
61
74
61
64
64
73
60
60
64
63
61
61
80
60
61
65
67
61
61
63
63
62
62
60
60
61
67
65
61
61
73
61
61
64
71
60
61
69
63
61
61
65
60
61
65
67
61
60
67
62
61
62
65
60
60
67
65
61
61
66
62
61
63
64
60
61
68
65
61
61
65
61
61
64
64
61
61
63
63
62
62
65
78
61
67
65
61
61
66
75
61
63
64
73
61
68
65
61
61
65
85
61
64
64
69
61
67
63
63
62
65
80
61
67
65
66
61
66
76
61
63
64
72
60
68
65
65
61
65
81
61
64
63
66
63
69
64
62
64
64
72
60
69
66
66
64
65
69
63
63
63
63
63
68
64
64
64
63
68
63
61
63
73
63
61
63
64
61
64
77
61
61
66
67
62
61
69
62
61
64
77
61
61
70
65
61
62
66
61
61
67
70
62
61
69
63
61
64
66
61
61
70
66
62
62
67
61
61
65
65
