58
63
64
66
58
61
66
67
57
61
66
70
63
59
63
64
63
56
68
65
67
57
60
65
65
61
58
61
61
61
56
64
67
65
55
64
68
67
55
63
81
65
61
62
72
64
55
61
67
63
55
60
65
64
63
57
62
67
63
57
69
63
66
57
62
67
67
57
58
74
63
63
56
69
63
63
56
77
63
67
56
66
66
64
63
63
69
62
61
67
67
62
56
63
68
63
57
60
68
71
63
57
66
71
65
55
61
76
55
57
57
61
61
61
55
64
62
61
57
63
66
62
55
67
66
61
58
62
75
62
57
59
66
63
60
61
75
63
59
58
66
61
61
58
62
60
60
56
58
66
63
57
61
66
67
55
63
75
61
61
63
66
62
61
58
75
62
55
59
64
64
61
59
67
66
61
57
61
70
62
57
59
64
62
57
59
69
61
64
57
61
61
62
60
53
63
63
58
63
69
63
57
70
70
62
57
60
71
61
57
58
66
61
55
57
64
61
63
56
65
61
61
55
72
64
63
56
67
68
63
63
66
67
61
56
61
63
63
56
58
67
65
56
58
64
62
61
57
67
63
61
56
59
61
61
57
59
65
61
64
66
66
62
61
64
67
61
62
60
72
63
55
58
69
69
63
57
62
67
62
56
59
72
63
57
58
69
63
63
57
63
63
62
57
69
64
63
56
69
67
64
58
66
73
63
56
61
67
63
55
60
71
67
55
58
66
64
63
57
63
63
62
56
62
65
63
55
65
65
65
56
66
73
63
62
63
67
62
61
60
69
64
57
59
66
63
63
57
64
67
62
57
62
63
62
57
68
65
64
56
58
73
63
62
62
67
63
61
60
71
66
64
58
66
64
64
57
63
62
62
57
62
69
63
55
59
68
64
55
58
65
63
63
57
67
63
61
55
70
66
64
56
66
71
64
57
69
69
63
57
63
68
65
55
60
67
67
56
59
66
63
61
64
64
61
61
62
62
64
57
57
61
67
63
63
59
70
62
61
71
71
61
61
61
71
64
63
61
66
69
61
60
65
66
61
57
61
63
63
56
61
63
63
63
59
66
61
62
58
61
61
61
58
68
62
62
57
66
67
61
59
64
64
61
57
61
67
62
57
61
67
63
63
61
66
61
61
59
64
61
62
57
60
63
61
56
69
69
60
62
63
62
62
62
59
66
61
63
57
64
61
64
57
67
67
61
57
63
71
64
55
57
67
63
54
55
72
61
63
55
66
63
63
54
70
66
64
60
67
68
61
59
63
67
61
63
63
62
63
56
62
67
54
54
57
66
60
62
58
65
61
63
55
63
63
63
55
72
66
61
63
65
69
60
56
63
67
61
56
61
67
65
55
59
64
73
63
57
63
61
62
55
61
63
63
55
67
67
61
63
63
70
61
62
62
70
62
62
58
72
64
61
59
66
72
63
56
61
69
63
55
60
69
65
55
58
63
63
64
57
69
63
63
55
67
65
65
55
65
68
65
57
63
73
62
56
66
66
63
55
59
69
64
55
58
66
63
64
57
63
61
62
55
63
63
63
55
69
63
63
54
66
77
61
63
63
67
62
55
60
71
65
55
59
66
70
64
58
64
61
63
57
71
63
63
55
60
67
63
54
58
83
62
63
62
70
62
62
60
75
65
63
59
67
70
63
57
73
73
61
57
63
62
61
55
60
66
63
55
57
66
61
61
57
69
60
60
56
75
63
62
56
67
67
61
62
66
71
61
61
73
73
63
61
59
71
68
55
58
69
73
61
57
63
69
61
56
60
64
62
56
60
63
63
63
58
63
61
61
57
68
63
62
55
67
66
63
55
65
75
62
62
62
67
62
61
60
71
64
63
60
66
69
63
58
63
70
61
57
63
70
62
55
60
68
63
55
59
63
62
62
57
61
61
61
55
69
65
63
55
67
67
62
63
63
67
61
57
62
66
63
56
60
67
66
55
59
65
72
62
57
67
63
61
55
59
65
63
55
59
69
63
63
63
67
61
61
61
68
63
62
59
69
65
62
59
65
73
61
57
63
69
61
55
73
73
63
55
60
67
61
63
58
64
61
62
56
62
62
62
55
60
65
63
55
59
62
62
64
57
67
63
62
59
69
64
63
59
65
69
63
58
65
69
61
57
63
68
61
55
60
69
62
55
60
66
61
61
58
63
61
61
56
69
63
63
56
66
67
63
63
63
61
61
62
62
63
63
55
57
66
67
55
57
63
81
61
56
61
61
61
55
60
64
64
57
59
66
62
64
60
64
61
61
58
63
61
62
57
65
63
62
55
63
69
61
57
61
65
61
56
59
66
65
56
59
63
64
64
57
61
67
62
57
67
62
62
56
59
64
62
56
58
72
61
62
57
67
61
61
55
69
62
62
60
65
67
61
60
66
69
61
57
63
70
61
56
61
71
63
55
67
67
61
62
56
64
62
62
55
69
64
64
55
66
68
63
64
64
68
62
61
63
67
63
56
60
67
65
55
60
67
71
63
58
63
66
61
56
61
63
63
56
61
67
62
64
60
67
62
62
57
66
63
63
61
67
66
63
61
65
69
62
59
63
65
62
57
62
67
63
55
61
72
63
65
58
64
63
63
58
67
61
63
56
69
65
63
54
66
79
66
57
60
67
63
56
71
71
65
55
58
70
70
66
57
62
62
64
58
62
64
65
57
57
67
63
54
67
76
61
66
68
68
63
62
59
72
65
64
58
68
69
66
63
63
75
63
57
61
73
64
57
59
66
64
55
58
85
62
65
57
69
62
63
56
72
63
63
58
69
67
62
58
66
75
61
56
63
71
63
57
59
62
61
55
60
66
60
64
57
66
59
61
56
66
61
62
56
73
65
61
67
67
67
64
56
65
69
60
55
61
81
61
55
58
78
60
64
57
