73
68
61
74
67
70
73
65
63
63
63
81
63
67
81
66
65
62
67
63
63
74
63
67
72
69
69
69
69
62
67
69
61
73
69
62
73
71
62
69
64
61
66
65
65
63
63
79
65
65
78
66
63
73
67
62
74
68
61
66
68
61
73
65
61
72
64
71
68
64
73
61
63
79
65
63
79
65
62
64
66
62
68
73
61
75
72
67
72
71
68
70
65
73
61
64
73
63
68
75
61
65
63
64
63
63
66
63
65
74
63
67
69
69
72
69
68
62
69
68
62
66
73
62
65
73
69
69
65
61
66
63
65
63
64
66
63
66
67
67
69
71
69
63
69
69
62
68
68
61
71
70
61
71
64
63
71
64
63
68
66
66
65
63
77
67
64
76
68
65
72
68
64
72
67
63
76
67
71
71
67
61
69
64
63
68
64
75
63
63
65
65
66
66
66
63
78
67
63
72
68
63
74
68
62
72
68
63
71
70
70
70
64
72
69
64
77
63
63
81
66
64
77
66
63
67
67
63
67
69
63
73
69
63
71
68
69
69
66
71
70
64
73
63
64
76
62
63
66
66
63
63
66
63
64
67
63
67
70
62
73
69
69
68
68
69
62
65
72
63
64
73
63
69
62
62
67
63
66
63
63
66
64
63
73
63
67
69
71
72
68
70
62
61
61
61
64
76
63
69
77
63
70
63
63
67
63
66
65
63
77
63
64
75
68
67
69
72
61
68
72
61
71
71
61
69
61
61
65
65
63
69
64
79
65
66
66
63
63
75
66
64
74
67
62
70
71
61
72
72
61
72
70
61
71
66
61
71
64
73
67
64
77
61
82
82
66
63
79
66
62
73
69
62
67
70
63
73
70
61
67
67
61
68
65
73
69
64
74
62
63
78
61
67
67
67
63
78
66
63
65
68
63
68
71
62
72
69
61
69
67
70
68
65
73
62
63
76
63
64
80
61
65
67
67
63
64
66
62
78
78
62
70
73
62
73
70
69
70
68
68
62
67
70
62
69
72
62
67
61
61
65
62
66
63
63
79
63
64
77
67
67
73
69
71
71
69
62
69
68
61
67
70
62
68
72
62
67
63
61
64
67
67
63
63
78
62
65
76
69
68
72
69
61
68
68
61
69
69
61
68
70
61
68
64
61
67
64
77
63
63
67
67
81
81
67
65
77
68
61
73
68
61
72
67
61
69
69
61
69
66
61
69
64
73
69
63
79
61
63
80
67
63
79
67
63
78
67
62
69
69
62
73
73
61
69
69
61
68
66
70
68
65
72
61
65
75
61
64
82
66
63
81
66
63
66
67
62
70
69
61
75
70
69
72
69
68
69
67
70
61
65
72
62
67
79
61
66
67
67
63
63
67
63
65
76
62
69
72
69
73
71
68
69
68
68
61
66
72
62
69
75
62
67
85
61
65
63
66
63
63
73
65
65
73
69
68
69
71
72
70
70
61
69
70
61
69
61
61
64
64
61
67
64
61
65
63
80
63
63
75
66
65
74
67
69
70
69
61
69
68
61
70
68
61
69
67
61
69
64
61
63
63
78
65
63
79
66
63
74
67
63
73
68
62
69
71
61
74
70
61
68
68
61
69
65
61
68
63
75
67
64
79
61
63
66
66
63
74
67
61
73
69
61
67
72
62
72
68
61
71
69
61
66
66
70
70
64
73
61
64
78
61
64
79
66
62
74
67
61
64
68
61
67
69
61
72
67
69
69
66
71
67
65
73
61
64
76
61
66
60
60
63
76
67
63
62
67
62
64
71
62
69
69
70
73
69
69
69
67
70
61
65
74
61
69
61
61
67
64
61
64
63
67
63
62
72
62
64
71
69
68
68
72
73
67
71
61
66
71
61
68
73
61
69
64
61
67
63
83
64
63
75
61
72
72
67
63
72
69
61
70
69
61
73
69
61
70
67
61
67
64
73
67
63
79
65
60
60
60
63
76
67
63
72
67
62
72
69
62
69
71
61
74
68
61
71
67
69
68
65
72
69
67
67
67
63
84
60
64
74
68
61
63
68
61
64
70
61
73
73
61
69
67
71
67
67
70
61
65
73
69
63
75
61
67
61
61
65
61
67
63
62
67
63
64
72
61
68
68
73
71
71
71
60
67
70
60
63
75
61
68
81
60
66
62
59
63
62
74
61
63
73
61
64
71
72
67
67
75
61
67
73
61
74
74
67
67
80
61
67
62
61
67
62
79
64
61
72
61
61
70
71
63
69
73
67
67
76
60
69
74
60
67
74
60
67
63
61
67
61
61
66
63
81
63
61
73
70
62
71
69
61
71
72
61
68
75
69
69
73
61
67
67
60
66
63
78
67
63
61
66
60
60
60
62
73
69
61
72
69
61
64
72
61
67
74
61
69
67
60
67
67
73
67
64
77
60
63
61
61
63
60
60
63
69
69
61
62
70
61
64
70
61
67
68
61
69
67
73
67
67
73
60
64
78
60
63
61
61
66
82
60
63
62
70
61
62
71
61
65
71
61
68
75
75
69
67
73
60
67
74
61
64
79
60
67
60
63
63
63
60
63
73
73
61
63
72
61
65
71
73
68
68
60
60
67
73
60
67
74
60
67
79
60
67
63
61
66
63
60
63
62
73
69
63
72
70
65
71
73
61
68
75
61
69
60
60
67
73
60
67
64
60
67
63
78
66
63
80
59
62
76
69
63
73
70
61
71
73
61
67
75
61
68
73
61
66
67
61
66
64
75
67
79
79
60
63
81
59
62
75
69
62
73
70
61
65
73
61
69
69
61
69
67
61
67
66
72
66
63
75
61
63
61
67
67
59
63
63
74
70
61
62
71
61
65
71
61
67
69
62
67
72
72
67
67
71
61
64
75
61
68
79
61
67
87
60
64
62
69
62
63
71
61
64
70
62
67
68
73
71
67
71
61
67
71
61
67
75
62
66
62
62
67
63
