61
75
64
63
72
79
80
63
72
70
71
63
70
75
75
63
72
60
79
70
69
72
74
62
64
71
67
70
63
68
61
63
63
72
72
78
63
66
73
72
63
63
69
75
63
63
71
80
70
63
72
75
74
63
72
67
70
63
68
61
77
66
73
71
79
63
67
73
68
63
63
71
63
63
73
73
59
70
63
69
72
75
63
65
73
64
64
63
70
75
66
63
74
78
83
63
72
69
72
63
71
63
73
73
73
59
63
63
69
71
72
77
65
73
66
74
63
69
61
77
63
74
71
63
63
66
72
72
63
71
71
78
63
63
72
85
71
63
71
72
76
63
73
67
77
64
70
61
81
63
75
71
75
72
72
72
68
63
64
71
63
63
64
73
82
72
63
70
72
75
63
65
67
71
64
69
61
75
65
73
71
82
83
66
73
70
73
64
70
64
63
63
59
59
69
62
70
70
76
63
65
73
73
64
63
61
78
65
63
71
75
62
62
71
69
73
63
71
63
79
63
72
60
71
63
71
70
72
63
66
72
73
63
64
70
81
75
75
75
75
63
63
71
69
73
63
71
63
63
63
74
60
69
69
69
71
80
62
72
72
67
63
63
69
61
64
63
74
77
83
62
66
69
72
63
63
63
77
63
63
59
83
69
69
70
72
78
72
72
67
73
63
69
61
63
63
73
70
62
62
66
71
63
63
63
69
78
63
63
59
71
71
63
70
71
77
61
72
66
73
63
69
61
65
63
73
70
77
63
66
70
69
63
63
69
79
63
63
60
63
63
63
69
75
75
62
70
67
72
64
69
61
63
63
73
69
77
84
67
70
68
71
64
70
63
76
63
72
59
70
63
70
69
62
62
65
72
72
63
63
69
79
65
63
74
62
62
62
71
69
72
63
70
63
78
63
72
81
81
69
70
70
71
78
65
73
66
63
63
69
61
64
63
75
69
85
62
67
70
72
63
70
63
79
63
63
59
80
70
63
70
70
78
65
73
65
63
63
70
61
77
63
76
70
75
63
67
70
72
63
64
71
77
63
63
73
79
71
63
70
72
76
62
72
66
72
63
69
61
77
70
70
70
75
67
67
71
68
63
64
63
63
63
63
73
80
63
63
70
73
76
62
65
66
72
63
61
77
77
65
75
70
75
62
67
71
68
73
64
72
63
63
63
73
59
70
63
71
70
77
62
72
72
72
63
64
61
65
63
63
70
76
62
62
70
69
72
64
63
63
63
63
73
59
79
63
70
70
72
62
65
72
71
63
64
69
75
75
75
75
75
62
62
67
69
72
62
64
63
76
63
63
59
79
71
70
70
72
76
65
72
66
73
64
69
61
77
63
75
71
75
67
67
71
69
63
70
70
78
63
73
73
80
63
63
70
72
75
65
65
66
72
63
63
61
76
65
75
70
75
62
67
69
72
72
64
70
63
77
73
73
59
70
70
70
70
76
62
65
72
71
64
69
69
65
63
63
69
76
62
62
70
69
72
63
71
78
78
63
73
59
82
63
69
70
72
62
65
72
67
63
63
69
61
65
63
75
76
63
63
67
69
72
63
63
63
78
63
63
60
62
62
69
70
72
62
72
72
67
72
63
69
61
79
63
73
70
62
62
66
71
72
63
70
70
79
63
63
60
86
71
63
69
72
76
62
71
67
72
63
69
61
78
63
74
70
77
62
66
71
69
70
70
70
79
64
64
73
72
72
63
69
72
74
63
65
66
63
63
70
61
65
63
70
70
73
63
67
70
69
63
64
72
63
63
63
73
59
70
63
70
72
79
63
66
67
76
64
69
79
79
65
72
72
79
67
67
73
69
72
64
72
63
76
63
73
60
84
63
70
72
77
63
66
74
76
63
63
70
65
63
63
75
75
62
62
73
67
63
63
72
62
81
64
73
59
72
72
70
72
79
63
66
65
65
63
63
69
61
66
63
75
77
63
63
71
68
72
63
64
63
63
63
72
59
72
72
69
70
70
78
65
72
66
76
69
69
61
63
63
74
72
63
63
67
73
73
63
63
69
63
63
63
60
71
71
69
71
72
77
62
72
66
74
63
68
61
82
63
73
70
75
63
67
72
67
63
64
69
81
63
62
71
63
63
63
70
70
75
64
64
66
64
64
69
61
81
66
74
71
75
63
66
71
68
63
63
70
63
63
63
73
59
72
63
70
70
77
63
65
65
73
64
63
61
78
66
73
69
78
84
63
70
69
69
64
63
76
76
63
72
60
63
63
69
71
72
63
64
72
71
63
63
69
66
66
63
75
79
79
63
70
69
69
63
69
64
77
64
71
59
62
62
68
71
71
62
65
72
66
64
63
69
66
66
72
72
76
80
63
72
69
70
63
63
79
79
63
62
59
75
75
69
69
72
73
64
67
67
71
63
69
61
66
63
75
70
63
63
66
72
70
63
63
72
79
64
63
59
79
72
63
70
72
65
65
73
66
73
64
70
61
81
63
74
70
75
63
66
71
69
64
63
71
65
65
63
77
79
73
63
69
69
75
63
65
65
74
65
72
61
82
67
69
69
77
63
72
72
69
70
63
72
63
63
63
74
59
72
63
70
70
74
63
64
73
71
64
63
61
79
66
62
70
75
63
63
72
68
63
63
71
62
82
63
75
59
85
64
69
71
72
63
65
75
66
64
63
72
80
66
63
75
79
79
63
66
69
69
63
63
63
76
64
60
60
79
69
71
71
71
72
66
66
66
72
69
69
61
63
63
75
71
79
63
67
69
70
62
63
63
78
63
63
60
63
63
63
71
72
72
64
72
66
71
63
69
61
80
63
73
71
75
66
66
71
70
63
70
70
75
63
62
73
83
73
71
71
72
62
64
73
66
72
64
70
61
77
67
75
72
79
77
67
73
71
63
63
71
64
64
63
73
60
73
63
69
71
73
63
64
67
64
64
63
61
75
66
